0.525330261168897
0.5271201028316288
0.5270454125401287
0.5269530567618806
0.5268631403217593
0.5267741834126024
0.5266857297190117
0.5265977399080357
0.5265102796875937
0.5264234225971814
0.5263372259312575
0.5262517291024386
0.5261669575103352
0.5260829267369698
0.5259996458101078
0.5259171194716087
0.525835349675651
0.5257543365532423
0.5256740790251944
0.5255945751895558
0.5255158225663744
0.5254378182529038
0.5253605590228199
0.5252840413904953
0.5252082616534729
0.5251332159213256
0.5250589001360036
0.5249853100868361
0.524912441422166
0.5248402896588427
0.5247688501903416
0.524698118293984
0.5246280891375537
0.5245587577854965
0.5244901192048156
0.5244221682707327
0.5243548997721605
0.5242883084170128
0.5242223888373656
0.5241571355944852
0.5240925431837212
0.5240286060392753
0.5239653185388422
0.5239026750081284
0.5238406697252455
0.5237792969249822
0.523718550802953
0.5236584255196265
0.5235989152042311
0.5235400139585414
0.5234817158605467
0.5234240149679978
0.5233669053218403
0.5233103809495304
0.523254435868236
0.5231990640879262
0.5231442596143477
0.5230900164518933
0.5230363286063612
0.5229831900876081
0.5229305949120989
0.5228785371053535
0.5228270107042927
0.5227760097594866
0.5227255283373049
0.5226755605219755
0.5226261004175483
0.5225771421497692
0.522528679867868
0.5224807077462571
0.5224332199861491
0.5223862108170906
0.522339674498418
0.5222936053206337
0.522247997606709
0.5222028457133118
0.5221581440319633
0.5221138869901258
0.5220700690522235
0.5220266847205961
0.5219837285363905
0.5219411950803918
0.5218990789737923
0.5218573748789045
0.5218160774998186
0.5217751815830048
0.5217346819178641
0.5216945733372287
0.5216548507178129
0.5216155089806188
0.5215765430912938
0.5215379480604473
0.5214997189439232
0.5214618508430326
0.5214243389047473
0.5213871783218555
0.5213503643330817
0.5213138922231714
0.5212777573229426
0.5212419550093051
0.5212064807052501
0.5211713298798074
0.5211364980479783
0.5211019807706384
0.5210677736544157
0.5210338723515434
0.5210002725596898
0.5209669700217648
0.5209339605257054
0.5209012399042394
0.5208688040346312
0.5208366488384072
0.5208047702810643
0.5207731643717618
0.5207418271629952
0.5207107547502576
0.5206799432716839
0.5206493889076822
0.520619087880553
0.5205890364540942
0.5205592309331961
0.5205296676634239
0.5205003430305905
0.5204712534603193
0.5204423954175976
0.5204137654063208
0.5203853599688288
0.520357175685435
0.5203292091739463
0.5203014570891784
0.5202739161224627
0.5202465830011485
0.5202194544880987
0.5201925273811806
0.5201657985127514
0.5201392647491392
0.5201129229901199
0.5200867701683894
0.5200608032490326
0.5200350192289884
0.520009415136512
0.519983988030633
0.5199587350006121
0.5199336531653932
0.5199087396730556
0.5198839917002607
0.5198594064516989
0.5198349811595334
0.5198107130828417
0.5197865995070562
0.5197626377434024
0.5197388251283348
0.5197151590229726
0.5196916368125325
0.5196682559057604
0.5196450137343616
0.5196219077524297
0.5195989354358737
0.5195760942818433
0.5195533818081537
0.5195307955527078
0.519508333072917
0.5194859919451216
0.5194637697640072
0.5194416641420223
0.5194196727087913
0.5193977931105273
0.5193760230094425
0.5193543600831572
0.5193328020241044
0.5193113465389354
0.5192899913479202
0.5192687341843467
0.5192475727939172
0.519226504934141
0.5192055283737258
0.5191846408919641
0.5191638402781179
0.5191431243307978
0.5191224908573407
0.5191019376731824
0.5190814626012252
0.5190610634712032
0.5190407381190411
0.5190204843862092
0.5190003001190735
0.5189801831682395
0.5189601313878908
0.5189401426351226
0.5189202147692681
0.5189003456512188
0.5188805331427381
0.5188607751057674
0.5188410694017259
0.5188214138908013
0.5188018064312334
0.5187822448785889
0.5187627270850276
0.5187432508985593
0.5187238141622912
0.5187044147136652
0.5186850503836857
0.518665718996135
0.518646418366779
0.5186271463025609
0.5186079006007818
0.5185886790482708
0.5185694794205389
0.5185502994809235
0.5185311369797143
0.5185119896532682
0.5184928552231073
0.5184737313950016
0.5184546158580351
0.5184355062836555
0.5184164003247069
0.5183972956144427
0.5183781897655219
0.5183590803689841
0.5183399649932064
0.5183208411828377
0.5183017064577129
0.5182825583117443
0.5182633942117905
0.5182442115965009
0.5182250078751371
0.5182057804263674
0.5181865265970365
0.5181672437009076
0.5181479290173773
0.5181285797901609
0.5181091932259496
0.5180897664930353
0.518070296719905
0.5180507809938039
0.5180312163592619
0.518011599816589
0.517991928320333
0.5179721987777017
0.5179524080469464
0.5179325529357075
0.5179126301993195
0.5178926365390755
0.5178725686004481
0.5178524229712682
0.5178321961798581
0.5178118846931178
0.5177914849145658
0.5177709931823284
0.5177504057670819
0.5177297188699402
0.5177089286202919
0.5176880310735815
0.5176670222090348
0.5176458979273278
0.5176246540481959
0.5176032863079828
0.5175817903571273
0.5175601617575862
0.5175383959801936
0.5175164884019497
0.5174944343032453
0.5174722288650123
0.5174498671658052
0.5174273441788064
0.5174046547687573
0.5173817936888125
0.5173587555773138
0.5173355349544838
0.5173121262190378
0.5172885236447091
0.517264721376691
0.517240713427987
0.5172164936756749
0.5171920558570757
0.5171673935658311
0.5171425002478842
0.5171173691973638
0.5170919935523688
0.5170663662906521
0.5170404802252014
0.5170143279997159
0.5169879020839766
0.5169611947691082
0.5169341981627315
0.5169069041840056
0.5168793045585549
0.5168513908132842
0.5168231542710754
0.5167945860453683
0.5167656770346223
0.5167364179166574
0.5167067991428739
0.5166768109323504
0.5166464432658159
0.5166156858794999
0.5165845282588545
0.516552959632151
0.5165209689639497
0.5164885449484405
0.5164556760026567
0.516422350259559
0.5163885555609898
0.5163542794505013
0.5163195091660507
0.5162842316325688
0.5162484334543989
0.5162121009076077
0.5161752199321684
0.5161377761240157
0.5160997547269762
0.5160611406245719
0.5160219183317004
0.5159820719861918
0.5159415853402444
0.51590044175174
0.5158586241754411
0.5158161151540724
0.5157728968092857
0.5157289508325148
0.515684258475718
0.5156388005420139
0.5155925573762108
0.5155455088552321
0.5154976343784418
0.515448912857871
0.5153993227083483
0.5153488418375365
0.5152974476358788
0.5152451169664563
0.5151918261547579
0.5151375509783691
0.5150822666565755
0.5150259478398892
0.5149685685994962
0.5149101024166278
0.5148505221718561
0.514789800134319
0.5147279079508686
0.5146648166351518
0.5146004965566164
0.5145349174294478
0.5144680483014331
0.5143998575427547
0.5143303128347094
0.5142593811583535
0.5141870287830741
0.5141132212550807
0.5140379233858192
0.5139610992403022
0.5138827121253561
0.513802724577781
0.51372109835242
0.5136377944101361
0.5135527729056946
0.513465993175546
0.5133774137255112
0.5132869922183633
0.5131946854613091
0.5131004493933666
0.5130042390726434
0.5129060086635145
0.5128057114237077
0.5127032996912986
0.5125987248716276
0.5124919374241466
0.5123828868492099
0.5122715216748289
0.5121577894434088
0.5120416366984943
0.5119230089715552
0.5118018507688465
0.5116781055583863
0.5115517157570986
0.5114226227181776
0.5112907667187377
0.5111560869478201
0.5110185214948396
0.5108780073385621
0.5107344803367183
0.5105878752163634
0.5104381255651173
0.5102851638234196
0.5101289212779588
0.5099693280564445
0.5098063131239082
0.5096398042807382
0.5094697281626673
0.5092960102429535
0.5091185748370114
0.5089373451097742
0.5087522430860826
0.508563189664422
0.5083701046343477
0.5081729066979617
0.5079715134958237
0.5077658416377048
0.5075558067386087
0.5073413234605102
0.5071223055602807
0.5068986659442873
0.506670316730173
0.5064371693163402
0.506199134459675
0.5059561223620624
0.5057080427662488
0.505454805061618
0.5051963184004443
0.5049324918251892
0.5046632344073927
0.5043884553987048
0.504108064394578
0.5038219715111143
0.5035300875755305
0.5032323243306557
0.5029285946538289
0.5026188127904987
0.5023028946027571
0.5019807578329555
0.501652322382454
0.5013175106054565
0.5009762476177532
0.5006284616200755
0.500274084235613
0.49991305086109594
0.49954530103067635
0.4991707787916652
0.49878943309099505
0.4984012181710835
0.4980060939735686
0.49760402654918134
0.49719498847180943
0.49677895925459364
0.4963559257656939
0.495925882641156
0.4954888326921176
0.495044787303414
0.4945937668204779
0.49413580092128573
0.49367092896998876
0.49319920034877246
0.49272067476444115
0.4922354225261976
0.49174352479111794
0.49124507377387794
0.49074017291740746
0.4902289370212996
0.4897114923250106
0.48918797654314294
0.48865853885040167
0.48812333981416667
0.4875825512730118
0.4870363561599328
0.4864849482695117
0.48592853196873775
0.485367321851724
0.48480154233908646
0.4842314272232965
0.48365721916185184
0.4830791691206438
0.48249753577040944
0.48191258483964305
0.4813245884277967
0.48073382428300526
0.4801405750489428
0.4795451274857181
0.478947771669975
0.4783488001795475
0.4777485072681456
0.4771471880356023
0.47654513759920697
0.47594265027157234
0.47534001875034715
0.47473753332488944
0.47413548110476317
0.47353414527461973
0.47293380437968024
0.47233473164564993
0.4717371943364852
0.4711414531529933
0.4705477616747935
0.46995636584770467
0.46936750351815965
0.46878140401578505
0.4681982877848354
0.467618366064735
0.467041840619566
0.46646890351595255
0.4658997369484302
0.4653345131110566
0.4647733941137303
0.46421653194141294
0.46366406845423275
0.46311613542625296
0.46257285462053344
0.46203433789799514
0.4615006873575081
0.4609719955045697
0.4604483454459113
0.45992981110737274
0.45941645747241167
0.4589083408386585
0.4584055090899999
0.4579080019817533
0.4574158514365979
0.45692908184903597
0.4564477103962792
0.4559717473535838
0.4555011964121891
0.45503605499815136
0.45457631459050357
0.45412196103730645
0.45367297486829483
0.4532293316029554
0.4527910020530019
0.4523579526183368
0.4519301455757125
0.45150753935941196
0.4510900888333827
0.4506777455543521
0.450270458025552
0.4498681719407609
0.4494708304184563
0.4490783742259407
0.4486907419933709
0.44830787041768067
0.44792969445643777
0.4475561475117283
0.44718716160419625
0.4468226675374097
0.4464625950527503
0.4461068729750517
0.44575542934923584
0.44540819156821154
0.4450650864923161
0.44472604056059134
0.4443909798941937
0.44405983039224267
0.44373251782041595
0.44340896789260004
0.44308910634590304
0.44277285900933566
0.44246015186646004
0.44215091111230165
0.44184506320481326
0.44154253491117235
0.4412432533491842
0.4409471460240558
0.44065414086079596
0.4403641662324872
0.4400771509846643
0.43979302445602886
0.4395117164957116
0.43923315747729175
0.4389572783097702
0.4386840104456795
0.43841328588651085
0.4381450371856238
0.4378791974487974
0.437615700332571
0.43735448004051586
0.4370954713175689
0.43683860944255226
0.436583830218995
0.43633106996436377
0.4360802654978054
0.4358313541264925
0.43558427363066304
0.4353389622474308
0.4350953586534447
0.4348534019464644
0.4346130316259163
0.43437418757248786
0.4341368100268142
0.4339008395673058
0.43366621708715986
0.433432883770598
0.4332007810683643
0.43296985067251686
0.4327400344905417
0.4325112746188135
0.4322835133154272
0.4320566929724177
0.4318307560873865
0.43160564523454614
0.43138130303519756
0.431157672127646
0.43093469513656524
0.430712314641813
0.4304904731467016
0.43026911304572524
0.43004817659174305
0.42982760586261526
0.4296073427272914
0.42938732881134223
0.4291675054619334
0.4289478137122296
0.42872819424522435
0.42850858735698333
0.42828893291929304
0.42806917034170233
0.4278492385329448
0.42762907586173043
0.42740862011689074
0.4271878084668658
0.42696657741851546
0.42674486277524043
0.4265225995943979
0.4262997221439915
0.42607616385862107
0.42585185729467206
0.4256267340847253
0.42540072489116704
0.42517375935897855
0.4249457660676829
0.424716672482425
0.4244864049041612
0.4242548884189308
0.42402204684618355
0.4237878026861315
0.42355207706609294
0.4233147896857956
0.42307585876159903
0.4228352009695965
0.42259273138755105
0.42234836343561644
0.42210200881578896
0.4218535774500298
0.4216029774169929
0.421350114887284
0.42109489405717154
0.4208372170806582
0.42057698399981386
0.42031409267326175
0.4200484387026924
0.4197799153572727
0.4195084134957998
0.4192338214864336
0.4189560251238268
0.4186749075434513
0.41839034913290013
0.4181022274399229
0.4178104170769309
0.4175147896216816
0.4172152135138298
0.4169115539470033
0.4166036727560348
0.41629142829895244
0.4159746753333015
0.41565326488634163
0.415327044118631
0.41499585618048457
0.41465954006075795
0.41431793042738846
0.41397085745909595
0.41361814666762436
0.4132596187098896
0.41289508918938433
0.4125243684461842
0.4121472613349008
0.41176356698993755
0.4113730785774221
0.41097558303322607
0.41057086078652427
0.41015868546841394
0.40973882360519165
0.4093110342959912
0.4088750688746099
0.4084306705555031
0.40797757406410573
0.40751550525185365
0.4070441806965214
0.4065633072887752
0.4060725818061647
0.40557169047613745
0.40506030853007097
0.40453809975076793
0.4040047160163645
0.40345979684414723
0.4029029689383697
0.40233384574680403
0.401752027031445
0.4011570984595067
0.40054863122161083
0.39992618168484323
0.39928929108914935
0.39863748529633175
0.39797027460168966
0.39728715361907724
0.39658760125083703
0.3958710807546506
0.39513703991982546
0.3943849113658477
0.3936141129761661
0.39282404848006813
0.39201410819514576
0.39118366994217346
0.39033210014320335
0.38945875511229255
0.3885629825464792
0.3876441232224199
0.3867015129014698
0.385734484442955
0.3847423701219856
0.38372450414443865
0.38268022534777674
0.38160888007227944
0.3805098251831514
0.3793824312199956
0.37822608564646504
0.37704019616968504
0.3758241940964731
0.37457753769160756
0.37329971550258406
0.3719902496155391
0.3706486988083962
0.3692746615698129
0.3678677789561291
0.36642773726312383
0.3649542704948063
0.3634471626174504
0.3619062495933466
0.36033142119495465
0.35872262260596705
0.3570798558208873
0.35540318085877953
0.35369271680961034
0.35194864273287507
0.35017119842788574
0.3483606850931846
0.3465174658891272
0.34464196641292916
0.3427346750896696
0.3407961434762194
0.33882698646820586
0.336827882393337
0.3347995729681115
0.33274286308950546
0.3306586204290081
0.3285477747936399
0.32641131721753214
0.3242502987483849
0.32206582889565855
0.31985907371163824
0.3176312534823609
0.31538364001260194
0.31311755349737896
0.3108343589814254
0.3085354624174505
0.3062223063433888
0.30389636520788377
0.30155914038164183
0.29921215489974495
0.2968569479862838
0.29449506941760556
0.29212807378394423
0.28975751471114847
0.2873849391046704
0.28501188147697004
0.2826398584171294
0.2802703632579118
0.27790486099090206
0.27554478347492545
0.27319152497685906
0.27084643807743164
0.2685108299678442
0.2661859591562322
0.2638730325962851
0.26157320324390626
0.25928756804174
0.25701716632583355
0.2547629786437029
0.2525259259686867
0.2503068692917359
0.2481066095687057
0.24592588799877704
0.2437653866078251
0.24162572910932698
0.23950748201471422
0.2374111559648888
0.2353372072548598
0.23328603952407942
0.2312580055859896
0.22925340937149122
0.2272725079624462
0.22531551369288136
0.22338259629722867
0.22147388508666194
0.21958947113635577
0.21772940946824165
0.2158937212155673
0.21408239575723417
0.21229539281149334
0.21053264448009695
0.20879405723542965
0.2070795138444642
0.20538887522460925
0.20372198222762639
0.20207865734880232
0.20045870635946483
0.1988619198617368
0.1972880747651264
0.19573693568517403
0.1942082562649078
0.19270178042031075
0.1912172435113974
0.18975437344079849
0.18831289168202747
0.18689251423979208
0.18549295254488207
0.18411391428627263
0.18275510418316213
0.18141622469970609
0.18009697670523006
0.17879706008269083
0.17751617428813427
0.1762540188638466
0.17501029390784462
0.17378470050227257
0.17257694110320118
0.1713867198942304
0.17021374310621384
0.16905771930532096
0.16791835965155863
0.16679537812977427
0.16568849175506417
0.16459742075441164
0.16352188872628218
0.16246162277981055
0.16141635365511844
0.1603858158262135
0.15936974758783456
0.15836789112752186
0.15737999258411203
0.15640580209378213
0.15544507382469092
0.15449756600119963
0.15356304091858353
0.15264126494908783
0.15173200854011895
0.1508350462053074
0.14995015650912435
0.14907712204568754
0.14821572941234162
0.14736576917855648
0.14652703585064628
0.14569932783277137
0.14488244738465236
0.14407620057638845
0.1432803972407446
0.14249485092324032
0.14171937883034552
0.14095380177606584
0.14019794412717276
0.13945163374731726
0.13871470194023797
0.13798698339226395
0.1372683161142886
0.13655854138337842
0.13585750368416338
0.1351650506501439
0.13448103300503453
0.13380530450425426
0.1331377218766605
0.13247814476661662
0.1318264356764709
0.1311824599095173
0.1305460855135007
0.1299171832247233
0.12929562641279824
0.1286812910260952
0.12807405553791468
0.12747380089342175
0.12688041045736803
0.12629376996262423
0.12571376745954174
0.12514029326616008
0.12457323991927162
0.12401250212635329
0.12345797671837129
0.12290956260346464
0.12236716072150772
0.12183067399955345
0.12130000730815438
0.12077506741855908
0.12025576296077849
0.11974200438251771
0.119233703908963
0.11873077550341979
0.11823313482878917
0.11774069920987561
0.11725338759651292
0.11677112052750019
0.11629382009533291
0.1158214099117198
0.11535381507387149
0.11489096213154817
0.11443277905485438
0.11397919520276642
0.11353014129237946
0.11308554936886106
0.11264535277609761
0.11220948612801916
0.1117778852805906
0.11135048730445427
0.11092723045821094
0.11050805416232606
0.11009289897364713
0.10968170656052016
0.10927441967849078
0.10887098214657798
0.10847133882410685
0.10807543558808912
0.10768321931113711
0.10729463783990041
0.10690963997401187
0.1065281754455334
0.1061501948988854
0.10577564987125454
0.10540449277346219
0.105036676871287
0.10467215626722991
0.10431088588270844
0.10395282144067342
0.10359791944863529
0.10324613718209137
0.102897432668344
0.10255176467069944
0.10220909267303889
0.1018693768647528
0.10153257812602767
0.10119865801347923
0.10086757874612151
0.10053930319166433
0.1002137948531305
0.09989101785578537
0.0995709369343714
0.0992535174206382
0.098938725231163
0.09862652685545346
0.09831688934432484
0.0980097802985463
0.0977051678577485
0.09740302068958652
0.09710330797915148
0.09680599941862517
0.09651106519717
0.09621847599105202
0.09592820295398624
0.09564021770770313
0.09535449233272848
0.09507099935937187
0.0947897117589185
0.09451060293501985
0.09423364671527726
0.09395881734301488
0.09368608946923634
0.09341543814476057
0.09314683881253374
0.09288026730011122
0.09261569981230622
0.09235311292400131
0.09209248357311797
0.09183378905374165
0.09157700700939661
0.09132211542646905
0.09106909262777274
0.09081791726625639
0.0905685683188458
0.09032102508042096
0.09007526715792297
0.08983127446458732
0.08958902721430224
0.08934850591608738
0.08910969136869087
0.08887256465530137
0.08863710713837301
0.0884033004545602
0.08817112650975896
0.08794056747425413
0.08771160577796765
0.08748422410580736
0.0872584053931127
0.08703413282119593
0.08681138981297591
0.08659016002870341
0.08637042736177324
0.086152175934625
0.08593539009472707
0.08572005441064313
0.08550615366817997
0.08529367286661324
0.085082597214991
0.08487291212851145
0.08466460322497528
0.08445765632130825
0.08425205743015558
0.0840477927565429
0.08384484869460646
0.08364321182438629
0.08344286890868523
0.08324380688998949
0.08304601288745043
0.08284947419392599
0.08265417827308078
0.08246011275654315
0.08226726544111704
0.08207562428605047
0.0818851774103549
0.08169591309017875
0.08150781975623039
0.08132088599125216
0.08113510052754187
0.08095045224452369
0.08076693016636367
0.08058452345963255
0.08040322143101217
0.08022301352504599
0.08004388932193227
0.07986583853535853
0.0796888510103775
0.0795129167213232
0.07933802576976498
0.07916416838250136
0.0789913349095898
0.07881951582241488
0.07864870171179072
0.07847888328609938
0.07831005136946353
0.07814219689995287
0.077975310927823
0.07780938461378709
0.07764440922731893
0.07748037614498678
0.07731727684881741
0.07715510292469042
0.07699384606076064
0.0768334980459095
0.07667405076822435
0.07651549621350447
0.07635782646379449
0.07620103369594325
0.076045110180189
0.07589004827876884
0.07573584044455375
0.07558247921970662
0.07542995723436476
0.07527826720534503
0.075127401934872
0.07497735430932756
0.07482811729802337
0.07467968395199356
0.07453204740280914
0.07438520086141229
0.07423913761697112
0.07409385103575386
0.0739493345600225
0.07380558170694522
0.07366258606752707
0.07352034130555965
0.07337884115658765
0.07323807942689323
0.07309804999249785
0.07295874679818035
0.072820163856512
0.07268229524690684
0.072545135114689
0.0724086776701749
0.07227291718777047
0.07213784800508391
0.07200346452205257
0.07186976120008465
0.07173673256121459
0.07160437318727246
0.07147267771906722
0.07134164085558274
0.07121125735318734
0.07108152202485593
0.07095242973940459
0.07082397542073812
0.07069615404710886
0.07056896065038795
0.07044239031534821
0.07031643817895852
0.07019109942968862
0.07006636930682662
0.06994224309980544
0.0698187161475416
0.06969578383778305
0.06957344160646817
0.06945168493709444
0.06933050936009684
0.06920991045223665
0.069089883835999
0.06897042517899993
0.06885153019340322
0.0687331946353453
0.0686154143043701
0.06849818504287139
0.06838150273554496
0.06826536330884786
0.06814976273046724
0.06803469700879626
0.06792016219241834
0.06780615436959901
0.06769266966778636
0.06757970425311732
0.06746725432993325
0.06735531614030119
0.06724388596354362
0.06713296011577417
0.06702253494944084
0.06691260685287599
0.06680317224985263
0.06669422759914798
0.06658576939411244
0.06647779416224604
0.06637029846478007
0.06626327889626589
0.0661567320841686
0.06605065468846774
0.06594504340126305
0.06583989494638605
0.06573520607901771
0.06563097358531143
0.06552719428202076
0.06542386501613369
0.06532098266451097
0.06521854413353077
0.0651165463587378
0.06501498630449692
0.06491386096365279
0.06481316735719354
0.06471290253391945
0.06461306357011656
0.06451364756923408
0.06441465166156742
0.06431607300394482
0.06421790877941885
0.06412015619696158
0.06402281249116519
0.06392587492194518
0.06382934077424907
0.06373320735776832
0.06363747200665447
0.06354213207923921
0.06344718495775832
0.0633526280480792
0.06325845877943242
0.06316467460414663
0.06307127299738725
0.06297825145689888
0.06288560750275068
0.06279333867708582
0.0627014425438737
0.06260991668866595
0.06251875871835585
0.06242796626094007
0.062337536965284907
0.06224746850089429
0.06215775855768212
0.06206840484574661
0.06197940509514828
0.061890757055690616
0.06180245849670386
0.06171450720683065
0.06162690099381665
0.061539637684301096
0.06145271512361274
0.06136613117556656
0.06127988372226398
0.06119397066389557
0.06110838991854627
0.06102313942200306
0.060938217127565295
0.060853621005857235
0.06076934904464309
0.060685399248644585
0.06060176963936071
0.06051845825488985
0.0604354631497538
0.060352782394725114
0.06027041407665474
0.060188356298304255
0.06010660717817784
0.06002516485035839
0.05994402746434404
0.05986319318488798
0.05978266019183954
0.05970242667998758
0.05962249085890593
0.05954285095280008
0.05946350520035705
0.05938445185459558
0.059305689182719265
0.05922721546597154
0.05914902899949166
0.059071128092172756
0.05899351106652242
0.058916176258523745
0.05883912201749883
0.05876234670597399
0.05868584869954617
0.05860962638675134
0.058533678168934365
0.05845800246012034
0.058382597686887756
0.058307462288242795
0.05823259471549583
0.05815799343213823
0.058083656913722144
0.058009583647740226
0.05793577213350803
0.0578622208820471
0.05778892841596961
0.057715893269364306
0.05764311398768417
0.05757058912763483
0.05749831725706478
0.057426296954856494
0.057354526810819345
0.05728300542558306
0.057211731410493065
0.0571407033875069
0.05706991998909162
0.05699937985812215
0.056929081647781855
0.05685902402146331
0.056789205652670066
0.056719625224920835
0.056650281431653154
0.05658117297612929
0.056512298571342934
0.05644365693992651
0.056375246814060496
0.05630706693538274
0.0562391160548993
0.05617139293289657
0.05610389633885383
0.05603662505135729
0.05596957785801466
0.055902753555370936
0.05583615094882529
0.05576976885254848
0.05570360608940162
0.05563766149085531
0.055571933896910376
0.05550642215601882
0.05544112512500632
0.055376041668994756
0.05531117066132656
0.055246510983488886
0.05518206152503955
0.05511782118353314
0.05505378886444838
0.05498996348111596
0.05492634395464697
0.054862929213863175
0.05479971819522666
0.05473670984277101
0.05467390310803342
0.054611296949986676
0.054548890334973205
0.05448668223663826
0.05442467163586529
0.05436285752071085
0.05430123888634109
0.054239814734968306
0.05417858407578856
0.05411754592491968
0.0540566993053404
0.05399604324682915
0.05393557678590495
0.053875298965767635
0.05381520883623926
0.05375530545370632
0.05369558788106215
0.053636055187650175
0.05357670644920781
0.05351754074781062
0.05345855717181768
0.05339975481581666
0.05334113278057022
0.05328269017296288
0.053224426105947825
0.05316633969849488
0.053108430075539136
0.0530506963679292
0.05299313771237726
0.052935753251408424
0.05287854213331153
0.052821503512089994
0.052764636547413236
0.052707940404568505
0.05265141425441366
0.05259505727332963
0.052538868643174204
0.05248284755123581
0.052426993190187565
0.05237130475804268
0.052315781458109056
0.05226042249894567
0.05220522709431801
0.05215019446315545
0.05209532382950769
0.05204061442250255
0.05198606547630374
0.05193167623006943
0.05187744592791045
0.051823373818850015
0.05176945915678302
0.0517157012004362
0.05166209921332795
0.05160865246372964
0.051555360224626735
0.051502221773679975
0.051449236393187416
0.051396403370046854
0.051343721995718274
0.051291191566187
0.05123881138192706
0.05118658074786468
0.0511344989733428
0.05108256537208517
0.05103077926216133
0.05097913996595158
0.05092764681011255
0.05087629912554298
0.05082509624734967
0.05077403751481432
0.05072312227136003
0.05067234986451836
0.05062171964589683
0.050571230971146755
0.050520883199931026
0.05047067569589277
0.0504206078266237
0.05037067896363326
0.05032088848231762
0.05027123576192942
0.05022172018554749
0.05017234114004717
0.050123098016070136
0.050073990207995765
0.05002501711391155
0.0499761781355845
0.04992747267843273
0.04987890015149685
0.04983045996741255
0.04978215154238221
0.049733974296148
0.049685927651964314
0.049638011036571
0.04959022388016652
0.0495425656163816
0.04949503568225294
0.049447633518197115
0.04940035856798516
0.04935321027871701
0.049306188100795664
0.049259291487903104
0.04921251989697464
0.04916587278817478
0.049119349624872896
0.04907294987361879
0.049026673004119226
0.04898051848921378
0.04893448580485144
0.048888574430067736
0.04884278384696123
0.04879711354067094
0.048751562999353584
0.04870613171416119
0.04866081917921866
0.04861562489160222
0.048570548351316814
0.04852558906127541
0.04848074652727662
0.048436020257984255
0.04839140976490558
0.04834691456237081
0.048302534167512436
0.04825826810024443
0.04821411588324215
0.04817007704192221
0.048126151104422296
0.04808233760158155
0.04803863606692097
0.047995046036623426
0.04795156704951559
0.047908198647047436
0.04786494037327416
0.047821791774837065
0.047778752400945104
0.04773582180335643
0.047692999536359845
0.047650285156756976
0.047607678223844235
0.04756517829939465
0.04752278494764081
0.04748049773525684
0.04743831623134124
0.04739624000739967
0.047354268637327855
0.04731240169739469
0.04727063876622534
0.047228979424784684
0.04718742325636112
0.04714596984654958
0.04710461878323588
0.047063369656580464
0.047022222059002326
0.046981175585163376
0.04694022983195274
0.04689938439847131
0.04685863888601593
0.04681799289806484
0.04677744604026171
0.046736997920401396
0.04669664814841431
0.046656396336352435
0.04661624209837395
0.04657618505072908
0.04653622481174574
0.046496361001815006
0.04645659324337737
0.046416921160908016
0.04637734438090355
0.046337862531867904
0.046298475244298774
0.04625918215067367
0.04621998288543691
0.04618087708498591
0.046141864387658216
0.04610294443371801
0.046064116865343556
0.04602538132661357
0.04598673746349519
0.0459481849238308
0.04590972335732535
0.045871352415534125
0.04583307175185009
0.045794881021491804
0.04575677988149092
0.045718767990680385
0.04568084500968235
0.04564301060089598
0.045605264428485906
0.045567606158370515
0.045530035458210216
0.04549255199739579
0.045455155447037245
0.04541784547995221
0.0453806217706547
0.045343483995344186
0.045306431831894055
0.04526946495984111
0.04523258306037427
0.04519578581632402
0.04515907291215156
0.04512244403393798
0.04508589886937407
0.04504943710774969
0.04501305843994304
0.04497676255841085
0.044940549157177795
0.044904417931826514
0.04486836857948733
0.04483240079882868
0.044796514290046566
0.04476070875485534
0.044724983896477395
0.04468933941963383
0.04465377503053474
0.04461829043686978
0.04458288534779836
0.04454755947394066
0.044512312527367974
0.04447714422159378
0.044442054271564155
0.044407042393649176
0.04437210830563351
0.04433725172670749
0.04430247237745844
0.04426776997986137
0.04423314425727098
0.044198594934412146
0.04416412173737183
0.044129724393590274
0.04409540263185269
0.04406115618228043
0.044026984776323386
0.04399288814675065
0.04395886602764321
0.043924918154385234
0.043891044263656115
0.043857244093422246
0.04382351738292948
0.043789863872694505
0.043756283304497774
0.04372277542137484
0.04368933996760923
0.04365597668872457
0.04362268533147678
0.043589465643846595
0.043556317375032114
0.043523240275441244
0.0434902340966844
0.043457298591566856
0.043424433514081616
0.043391638619402345
0.043358913663875835
0.04332625840501504
0.043293672601491966
0.04326115601313062
0.04322870840089986
0.043196329526906864
0.0431640191543898
0.043131777047711164
0.04309960297235113
0.043067496694900495
0.04303545798305428
0.04300348660560501
0.04297158233243595
0.042939744934515085
0.04290797418388761
0.04287626985367073
0.04284463171804628
0.0428130595522548
0.04278155313258919
0.042750112236388624
0.04271873664203168
0.04268742612893082
0.042656180477526215
0.04262499946927905
0.04259388288666644
0.042562830513174686
0.04253184213329319
0.04250091753250951
0.04247005649730239
0.042439258815136674
0.04240852427445706
0.04237785266468286
0.0423472437762016
0.042316697400363895
0.042286213329477865
0.042255791356803026
0.04222543127654506
0.0421951328838507
0.04216489597480152
0.04213472034640892
0.042104605796608845
0.04207455212425606
0.04204455912911909
0.04201462661187493
0.04198475437410375
0.04195494221828365
0.041925189947785615
0.04189549736686832
0.04186586428067291
0.04183629049521807
0.041806775817395156
0.04177732005496264
0.04174792301654203
0.04171858451161202
0.041689304350504344
0.04166008234439843
0.041630918305316844
0.041601812046120436
0.04157276338050345
0.0415437721229891
0.041514838088924526
0.04148596109447643
0.04145714095662629
0.041428377493165795
0.04139967052269226
0.04137101986460427
0.04134242533909691
0.04131388676715746
0.04128540397056082
0.04125697677186525
0.0412286049944082
0.041200288462301254
0.041172027000426666
0.04114382043443228
0.041115668590727794
0.04108757129648055
0.04105952837961091
0.0410315396687885
0.04100360499342765
0.04097572418368386
0.04094789707044896
0.04092012348534774
0.04089240326073351
0.04086473622968409
0.04083712222599802
0.04080956108419063
0.040782052639489585
0.040754596727831965
0.0407271931858592
0.04069984185091416
0.04067254256103696
0.040645295154961056
0.04061809947210963
0.04059095535259178
0.040563862637198876
0.04053682116740077
0.04050983078534194
0.04048289133383841
0.04045600265637326
0.040429164597093996
0.040402377000808
0.0403756397129796
0.040348952579726656
0.040322315447816254
0.04029572816466213
0.04026919057832046
0.04024270253748704
0.04021626389149333
0.0401898744903034
0.04016353418451046
0.0401372428253334
0.040111000264613526
0.04008480635481146
0.040058660949003386
0.04003256390087812
0.040006515064733794
0.03998051429547456
0.03995456144860758
0.039928656380239444
0.03990279894707355
0.039876989006406315
0.03985122641612467
0.03982551103470246
0.039799842721197604
0.03977422133524914
0.03974864673707394
0.03972311878746365
0.039697637347781846
0.039672202279961113
0.0396468134464999
0.039621470710459565
0.03959617393546158
0.03957092298568432
0.039545717725860685
0.03952055802127471
0.03949544373775902
0.03947037474169176
0.039445350899994014
0.03942037208012675
0.03939543815008834
0.03937054897841128
0.039345704434160085
0.039320904386927945
0.039296148706834594
0.03927143726452311
0.03924676993115725
0.039222146578419256
0.03919756707850672
0.03917303130413009
0.039148539128510185
0.039124090425375485
0.0390996850689594
0.03907532293399787
0.03905100389572685
0.0390267278298798
0.03900249461268479
0.03897830412086244
0.03895415623162322
0.03893005082266488
0.038905987772170365
0.03888196695880475
0.03885798826171345
0.03883405156051941
0.038810156735320754
0.03878630366668859
0.03876249223566422
0.03873872232375739
0.03871499381294335
0.03869130658566093
0.038667660524810035
0.03864405551374922
0.03862049143629389
0.038596968176713445
0.03857348561972924
0.0385500436505126
0.03852664215468219
0.038503281018301874
0.03847996012787876
0.03845667937036082
0.03843343863313458
0.038410237804023285
0.038387076771284376
0.03836395542360773
0.038340873650113134
0.03831783134034846
0.03829482838428745
0.038271864672327606
0.038248940095288404
0.03822605454440846
0.03820320791134436
0.03818040008816829
0.03815763096736572
0.038134900441833666
0.03811220840487879
0.03808955475021521
0.0380669393719625
0.03804436216464385
0.03802182302318386
0.03799932184290717
0.03797685851953577
0.0379544329491876
0.03793204502837438
0.03790969465399991
0.03788738172335799
0.037865106134130695
0.037842867784386246
0.037820666572577585
0.037798502397540235
0.037776375158490375
0.037754284755023154
0.03773223108711104
0.03771021405510168
0.037688233559716386
0.03766628950204814
0.03764438178355995
0.037622510306083136
0.03760067497181543
0.03757887568331918
0.03755711234352
0.03753538485570468
0.03751369312351941
0.03749203705096845
0.03747041654241219
0.0374488315025654
0.03742728183649583
0.03740576744962224
0.03738428824771294
0.03736284413688417
0.03734143502359831
0.0373200608146623
0.03729872141722601
0.03727741673878096
0.03725614668715791
0.0372349111705265
0.03721371009739226
0.03719254337659611
0.037171410917312596
0.03715031262904779
0.037129248421638325
0.037108218205249635
0.03708722189037445
0.037066259387831334
0.037045330608762944
0.037024435464634825
0.0370035738672338
0.03698274572866663
0.03696195096135808
0.036941189478049904
0.03692046119179931
0.036899766015977255
0.03687910386426733
0.03685847465066407
0.036837878289471875
0.03681731469530298
0.03679678378307666
0.03677628546801752
0.03675581966565412
0.03673538629181757
0.03671498526264035
0.03669461649455464
0.03667427990429127
0.03665397540887787
0.03663370292563825
0.03661346237219034
0.03659325366644512
0.03657307672660573
0.03655293147116536
0.03653281781890649
0.03651273568889936
0.03649268500050072
0.036472665673352625
0.036452677627381073
0.03643272078279455
0.03641279506008312
0.03639290038001696
0.03637303666364515
0.03635320383229414
0.03633340180756699
0.03631363051134184
0.0362938898657707
0.03627417979327844
0.03625450021656107
0.036234851058585114
0.03621523224258607
0.036195643692067354
0.03617608533079889
0.0361565570828161
0.036137058872419046
0.036117590624170366
0.03609815226289516
0.03607874371367903
0.03605936490186736
0.03604001575306392
0.03602069619312998
0.036001406148183
0.035982145544595494
0.03596291430899395
0.03594371236825785
0.03592453964951818
0.03590539608015673
0.035886281587805054
0.03586719610034271
0.03584813954589681
0.035829111852840975
0.03581011294979368
0.035791142765617796
0.035772201229419216
0.03575328827054559
0.035734403818586086
0.035715547803369274
0.035696720154962815
0.0356779208036722
0.03565914968003968
0.03564040671484331
0.035621691839096074
0.035603004984044326
0.03558434608116754
0.035565715062176595
0.035547111859013505
0.03552853640384965
0.03550998862908531
0.03549146846734854
0.03547297585149417
0.03545451071460299
0.035436072989980305
0.035417662611155684
0.035399279511881376
0.03538092362613169
0.035362594888101936
0.035344293232207544
0.03532601859308313
0.0353077709055814
0.03528955010477242
0.03527135612594274
0.035253188904594085
0.03523504837644284
0.03521693447741916
0.03519884714366566
0.03518078631153695
0.03516275191759845
0.03514474389862571
0.035126762191603184
0.03510880673372397
0.03509087746238819
0.03507297431520268
0.03505509722997997
0.035037246144737015
0.035019420997695026
0.035001621727278255
0.034983848272113045
0.03496610057102717
0.03494837856304878
0.03493068218740599
0.0349130113835254
0.03489536609103201
0.034877746249747786
0.034860151799691014
0.034842582681075825
0.03482503883431084
0.0348075201999986
0.03479002671893504
0.03477255833210814
0.03475511498069753
0.034737696606073565
0.034720303149796634
0.03470293455361622
0.03468559075947014
0.03466827170948388
0.034650977345969836
0.03463370761142634
0.03461646244853707
0.03459924180017052
0.03458204560937843
0.03456487381939591
0.03454772637364035
0.034530603215710595
0.03451350428938646
0.03449642953862752
0.03447937890757275
0.03446235234054002
0.03444534978202458
0.034428371176699196
0.03441141646941285
0.03439448560519028
0.03437757852923119
0.03436069518690961
0.03434383552377309
0.03432699948554198
0.03431018701810898
0.034293398067538075
0.034276632580064074
0.034259890502091876
0.03424317178019584
0.03422647636111892
0.0342098041917723
0.03419315521923431
0.03417652939075006
0.03415992665373067
0.03414334695575268
0.03412679024455722
0.03411025646804952
0.03409374557429809
0.03407725751153431
0.034060792228151476
0.03404434967270435
0.03402792979390862
0.034011532540639884
0.033995157861933356
0.033978805706983174
0.03396247602514154
0.03394616876591845
0.03392988387898082
0.03391362131415177
0.03389738102141042
0.033881162950890775
0.03386496705288159
0.03384879327782521
0.03383264157631759
0.033816511899107136
0.033800404197094513
0.033784318421331734
0.0337682545230218
0.0337522124535179
0.03373619216432304
0.03372019360708922
0.033704216733617204
0.03368826149585553
0.033672327845899956
0.033656415735993456
0.03364052511852487
0.03362465594602871
0.03360880817118483
0.033592981746817324
0.033577176625894455
0.0335613927615278
0.03354563010697173
0.03352988861562272
0.033514168241019486
0.03349846893684148
0.033482790656908935
0.033467133355182054
0.03345149698576094
0.03343588150288433
0.033420286860929536
0.033404713014411856
0.03338915991798402
0.03337362752643548
0.03335811579469223
0.033342624677815895
0.03332715413100365
0.03331170410958715
0.03329627456903258
0.03328086546493968
0.03326547675304158
0.03325010838920405
0.033234760329424996
0.033219432529834336
0.03320412494669283
0.033188837536392214
0.033173570255454296
0.033158323060530716
0.033143095908402226
0.033127888755978455
0.033112701560296984
0.03309753427852353
0.03308238686795079
0.0330672592859985
0.0330521514902124
0.03303706343826421
0.0330219950879512
0.033006946397195217
0.03299191732404269
0.0329769078266639
0.03296191786335269
0.03294694739252592
0.0329319963727228
0.03291706476260496
0.03290215252095533
0.03288725960667817
0.032872385978798525
0.032857531596461556
0.0328426964189323
0.032827880405595186
0.03281308351595353
0.03279830570962914
0.03278354694636184
0.03276880718600907
0.03275408638854535
0.03273938451406208
